105606008
105611005
105615001
105989001
106028002
10706006
107742005
10801009
108193009
108288002
10836008
108367008
108369006
109913001
109914007
109915008
109946007
109947003
110148008
110542000
111109000
111227009
111235007
112638000
112641009
112695004
112697007
112698002
112716008
11284000
11307961000119106
113091000
11314841000119105
113192009
113197003
113234001
113305005
11437003
115240006
115979005
116014002
116302003
116312005
116372002
118292001
118377000
118383002
118455003
118470002
118627006
118635009
118643004
118645006
118654009
118666003
118693000
118694006
118695007
118717007
118729003
118736002
118745001
118884004
118886002
118934005
118939000
118945008
118946009
118953000
118966000
118976002
119186007
119266004
119271006
119283008
119572000
119574004
119580007
119582004
119583009
119586001
119587005
119590004
119591000
119592007
119593002
119594008
119595009
119600000
119601001
119613006
119622007
120149001
120157003
120170007
120173009
120611004
122456005
122458006
122459003
122465003
122469009
122470005
122471009
122472002
122479006
122501008
122859005
122869004
122944000
123014005
123250005
123859001
123976001
12456005
1250004
125194009
125336001
125576007
125605004
125610000
125613003
125644007
125671007
126635000
126637008
126641007
126951006
126965008
126994001
127324008
127328006
127341005
12738006
127579001
12766003
127812007
127954009
127956006
127959004
127961008
128119004
128121009
128124001
128126004
128192007
128268005
128303001
12835000
128482007
128491006
128561003
128617001
128927009
128945009
129118002
129137006
129156001
129193007
129197008
129200009
12921003
129265001
129266000
129272000
129284003
129287005
129289008
129293002
129298006
129299003
129300006
129303008
129304002
129306000
129314006
129316008
129317004
129319001
129323009
129326001
129335008
129355009
129357001
129371009
129377008
129378003
129379006
129382001
129385004
129390001
129391002
129407005
129408000
129409008
129411004
129425003
129426002
129427006
129433002
12973002
131148009
134328007
13861005
1431002
14447001
14548009
14799000
1490004
150062003
15119000
15202009
15474008
15628003
1584001
15926001
161882006
166962007
168541005
168542003
168795002
168796001
168797005
169068008
169069000
169071000
16935003
171509005
171753003
171804006
171805007
171866006
171871004
172069000
17423001
17621005
178567001
178576008
179049006
179050006
179109001
179141007
179147006
179579007
181103009
18115005
181367001
181735002
18234004
182353008
182358004
18545000
18557009
1857005
187952001
189484008
19207007
192727001
192730008
192967009
19342008
19578002
19643009
198056001
198218005
199745000
203245006
203340003
20456003
20701002
2089002
209126000
20946005
210493006
21122005
213346004
21483005
21793004
21947006
22272000
223176004
223490009
225707003
226083002
22640007
228054008
22811006
228703003
229013007
229252009
230177004
230232005
230619007
230645003
230744007
230792007
230984006
230989001
231007008
231048006
231124004
231276005
231375007
231379001
23180006
232115006
233316005
23382007
234141001
234632005
23680005
23732000
237995002
238181003
23853001
239224008
239225009
239278008
239279000
239282005
239289001
239293007
239329001
239435000
239453006
239540005
239548003
239607006
239648009
239748000
239838005
239953001
240150006
240197007
240205003
240226003
240272004
240273009
240274003
24028007
240314005
240439002
240468001
241123008
241404007
241453007
241561004
241649002
241663008
243924007
244030004
244052008
244058007
244202008
244285007
244508006
244613002
244848007
245071001
245078007
24551003
246556002
246603007
246605000
24693007
24700007
247479008
24848001
249700004
249719009
249921008
25087005
252691006
252693009
252694003
253053003
253098009
253184003
253193002
253199003
25322007
254033007
25416002
254986007
255595002
25659002
25723000
257729003
257783000
257786008
257825001
257835007
257867005
257884004
257903006
258176004
25937001
260222006
26107004
261200006
262086009
262182009
262202000
262525000
262939007
263031003
263063009
263126002
263134008
263654008
263722006
26396009
265233006
265726007
2667000
2677003
268029009
268970009
2690005
269169002
269171002
270505009
27065002
271003
271773007
272625005
272646001
272673000
272679001
273993002
274171001
274314005
274330002
274333000
274334006
274335007
274488002
27515001
276655000
277132007
277261002
277492002
2775001
277591006
278292003
279037009
279038004
279039007
279069000
279107003
279566002
280132000
280133005
280369009
280371009
280382001
280392009
281229000
281246002
281247006
281253006
281300000
281302008
281456000
281457009
281538002
281613004
281615006
282026002
282721001
282764008
282771003
283137007
283364000
283378004
284062002
285235009
285599002
285710002
286792001
28703000
288058001
290241000119109
29033008
29426003
29517004
2969000
29696001
297282004
298149009
298160000
298180004
298181000
298203008
298228000
298362002
298378000
298390003
298397000
298403006
298404000
298405004
298410000
298415005
298416006
298421009
298427008
298428003
298433004
298438008
298439000
298444007
298449002
298450002
298455007
298460006
298461005
298467009
298476002
298487005
298505002
298506001
298507005
298512006
298517000
298518005
298524004
298529009
298530004
298535009
298540001
298541002
298546007
298551001
298552008
298557002
298562001
298563006
298568002
29857009
298599001
298600003
298601004
298606009
298611006
298612004
298617005
298622005
298624006
298629001
298634002
298635001
298640009
298645004
298646003
298651009
298656004
298657008
298662009
298691007
299664003
299712004
301433005
301777002
301867009
302128004
302129007
302196006
302199004
302495003
302810003
302859004
302883007
303527006
303528001
303535009
303540001
303612004
303613009
303614003
303616001
303695003
303697006
303746005
303786002
303792008
303827001
303883000
303894001
303939005
303942004
304018007
304023007
304025000
304037003
304556002
30473006
3058005
30617006
30636001
306954006
307528002
307563007
30763005
308123002
308492005
308497004
309083007
309528005
309532004
31031000
310524008
310525009
311420007
311426001
311489005
312126006
312250003
312251004
312254007
312275004
312336005
312421008
312429005
312626007
312717002
312763008
312769007
312779009
313262006
3138006
314241004
31467002
31511007
3169005
31739005
31749008
31807009
31852007
31984004
322151008
32219008
324478000
32693004
33148003
332506005
33308003
333595006
33446006
334886004
336609007
33883002
33930006
34112007
34263000
34289000
34340008
34476008
34635009
346902003
34840004
34896006
35105006
35269008
35524003
35566002
35631009
35933005
35951006
360020006
360021005
360028004
360030002
360037004
360240009
360501003
360791008
361004007
361099009
36138009
361461009
361829002
362877004
362961001
362975008
363005004
363025000
363030001
363054006
363055007
363063008
363068004
363100006
363120007
363122004
363123009
363138005
363141001
363169009
363212003
363235000
363343008
363489000
363497007
36504009
36540006
367570001
367643001
36777000
36787001
370612006
371398005
371521007
371567007
371791001
372062007
3723001
373350008
373410009
373439009
373641001
37650008
37660004
37782003
38109001
38279006
38392006
38428003
384709000
385486001
385494008
38663004
386767003
386768008
387637008
387651008
389079005
389080008
38930009
3898006
39181008
392236004
39352004
39367000
39583001
396339007
397018003
397185006
39723000
399112009
399269003
39937001
399986003
400020001
400042000
400210000
40052002
402125000
404980009
406578005
406587001
406598000
40668007
409631000
40970001
409778008
409780002
40980002
41052006
410739005
410756002
410757006
410803008
410817004
410818009
410942007
4116001
41188003
413199002
414252009
414403008
41444002
4147007
41519007
415582006
416170003
416376001
416488000
416841005
416886008
416892002
41699000
417470001
41747008
417525006
417602003
417726009
417893002
418272005
418453007
418618007
419109000
419394006
419670003
419893006
420244003
420769004
421560006
42164003
421998001
422012004
422697005
422738008
422840005
423125000
423444004
423827005
423857001
424072006
424128006
424208002
424911007
424913005
42508007
425207000
425764006
426113009
426115002
426413004
426530000
42685002
427052007
42717009
428297005
428402007
428490009
428548000
429164009
429364001
429883000
429892002
430112000
430230000
430278000
430280006
430323008
430447002
430907000
431326009
431407000
431411006
431419008
431537006
431559008
431700002
431865004
431870006
432258004
432370003
432406007
432541008
432630004
432691003
432815006
43719000
43865008
438652003
439144005
439449007
439470001
439531009
439987009
44132006
441500003
441504007
442147002
442672001
443138004
44328006
443395009
443408003
445852002
446025003
446062001
446123007
448640008
448710000
448711001
44882003
44913001
449329002
449793009
449794003
449796001
449797005
450362008
450378005
450680005
450724008
451031006
451034003
45170000
4532008
45352006
45600000
45835000
46126003
46360000
46434000
46739009
47032000
473449006
473450006
47605009
48535007
4857006
49169007
49298003
49755003
50007008
50399007
50429003
50582007
50927007
50960005
51410004
51619007
5162004
51655004
51898002
52050007
52329006
52585001
52674009
52988006
53417006
54214006
54334009
55199003
55353007
55460000
55470003
55584005
55641003
55999004
56757003
56783008
57035005
57048009
57071006
57662003
58188004
58437007
58501004
58825001
59091005
59820001
59866006
6007000
60168000
60271003
60342002
6081001
609410002
609521009
609610009
609611008
609612001
609620004
609622007
609623002
609631007
61051007
6118003
61381007
61685007
61747003
61974008
6266001
6284004
62918002
63112008
63375009
63562005
63942007
64162006
64274004
6439004
64859006
65198009
65354004
65473004
6574001
65801008
66091009
66391000
66680001
66691008
66760008
67322009
67374007
67536000
67988000
68183006
68471001
68523003
68688001
69446009
69483009
699207005
699346009
699697007
700008004
70070008
70302008
703166003
70736000
70746003
70805003
708539008
708540005
70884002
71025006
7108004
71173004
71616004
7180009
71877001
72095004
72167002
72221006
72274001
72579007
72670004
72704001
72893007
73020009
7313006
73573004
73732002
7402007
74251004
74532006
74710000
74943008
75042008
75076004
75385009
75702008
75797008
75889009
76069003
76093008
76215009
76349003
76555007
76879002
77343006
77493009
77638007
7771000
77811003
77881008
77888002
7851002
78746004
7890003
78918006
7906001
79112004
79654002
79945003
80507005
80690008
80779005
80983001
81308009
81727001
8217007
82254000
83090005
84445001
8447006
85102008
85104009
85659009
85921004
85995004
86052008
86201001
86251006
86273004
86480004
87642003
8872002
88834003
8889005
89546000
89901005
90456006
91037003
91207004
91381003
91431006
91689009
91717005
91808001
91812007
91830000
92027006
92048008
92246000
92395003
92454000
928000
93017005
93686005
93744007
93922007
94111002
94183005
94225005
94243009
94649002
94751008
94962000
95463009
95640005
95643007
95880003
95883001
95896000
9810007
985004
