1003384005
1003434002
1003445004
1003448002
1003465006
1003563001
10036009
1004076005
10042008
100491000119103
100511000119108
1010323006
1010326003
1010330000
1010331001
1010643006
1010644000
1010685005
10124000
102286006
102287002
102301002
102554000
103014001
103015000
103016004
10310006
10317009
1033009
10339006
10361000087104
10394003
10420000
104431000119107
1052326006
105580009
105581008
10575009
10610003
10624571000119106
10642191000119108
10642311000119101
10714000
10771002
107755006
107758008
1078209008
1078278004
108116000
108119007
1086061000119109
10921009
10946009
10948005
109905002
11008006
110150000
11016002
11049006
110533007
11068009
110692009
11107004
11113008
111232005
111234006
111236008
111265002
111266001
111268000
11146002
111465000
111496009
111497000
111633007
111648001
111681000119107
11197005
112718009
112721006
112722004
112725002
112726001
112934001
11301007
113105001
11310521000119109
11310561000119104
11310601000119104
11310641000119102
11310841000119101
11310881000119106
11310921000119104
11310961000119109
11311001000119101
11311041000119104
11311081000119109
11311121000119106
11311161000119101
11311361000119103
11311401000119107
11311441000119109
11311481000119104
11311521000119104
11311561000119109
11311601000119109
11311641000119106
11311681000119101
11311721000119107
11311761000119102
11311801000119105
11311841000119107
11311881000119102
11311921000119109
11311961000119104
11312001000119108
11312041000119105
11312081000119100
11312121000119103
11312161000119108
11312201000119103
113129008
113204006
113205007
113206008
113207004
113208009
113209001
113210006
113211005
113215001
113216000
113217009
113307002
113308007
113309004
113310009
113611000119100
11413003
1141856003
1141981001
1141982008
1141983003
1141985005
1141986006
1141987002
1141988007
1141990008
1142188005
1142189002
1142196000
1142263009
1144247000
1144425003
1144536008
1144538009
1144539001
1144746008
1144761009
1144861002
1145011002
1145012009
1145013004
1145014005
1145015006
1145016007
1145017003
1145018008
1145215002
1145217005
1145220002
1145223000
1145238004
1145240009
1145241008
1145242001
1145243006
1145244000
1145433005
1145435003
1145446000
1145455002
1145457005
1145468005
1145473004
11465001
11478001
1148625001
1148626000
1148632005
1148633000
1148795003
1148796002
1148801007
1148802000
1148803005
1148804004
1148824000
1148827007
1148828002
1148990002
1149094000
11532007
1153340000
1153365003
1153368001
1153369009
1153372002
1153391002
1153396007
1153410003
1153411004
1153416009
1153427006
1153568000
1153572001
11537001
1155723008
1156041004
1156042006
1156105001
1156198008
1156266006
1156306006
1156352004
1156353009
11564000
1156407001
1156467004
1156538002
1156767003
1156841003
1156842005
1156962001
1156963006
1156964000
1156965004
1156966003
1156967007
1156968002
1156969005
1157063004
1157065006
1157066007
1157067003
1157072007
11588003
11592005
1162279001
1162281004
1162283001
1162289002
1162290006
1162292003
1162297009
1162301000
1162302007
1162305009
1162308006
1162310008
1162315003
1162316002
1162318001
1162329002
1162330007
1162331006
1162342002
1162348003
1162353008
1162355001
1162401004
1162405008
1162655007
116275003
1162826002
1162868002
1162869005
116303008
116304002
116305001
116306000
116328000
116332006
1163490004
1163537001
1163546007
1163556006
116359003
11679003
1172006
1172590009
1172591008
1172631001
1173998003
1176992006
1176993001
1177013005
1177043007
1177061003
1177063000
1177065007
1177066008
1177067004
1177068009
1177069001
1177168007
1179156007
1179200004
1179207001
1179233009
1179240005
1179242002
1179243007
1179244001
1179245000
1179316000
1179317009
1179318004
1179319007
1179320001
1179321002
1179322009
1179323004
1179324005
1179325006
1179326007
1179596002
1179598001
1179660009
1179661008
1179662001
1179663006
1179709004
1179715004
1179717007
1179718002
1179720004
1179722007
1179733005
1179749007
1179750007
1179751006
1179752004
11807002
11808007
118485008
11862006
1186603001
1186675009
1186734006
1186750003
1186751004
1186752006
1186753001
1186754007
1186755008
1186756009
1186757000
1186758005
1186759002
1186760007
1186761006
1186779005
1186781007
1186783005
1186785003
1186787006
1186789009
1186791001
1186793003
1186842003
1186850007
1186871002
1186873004
1186874005
1186875006
1186876007
1186882005
1186884006
1186886008
1186888009
1186892002
1186895000
1186899006
1186900001
1186935004
1187006004
1187007008
1187008003
1187009006
1187117000
1187118005
1187144005
1187191003
1187239007
1187240009
1187250005
1187278006
1187279003
1187290008
1187292000
1187358001
1187359009
1187361000
1187362007
1187389002
1187465008
1187466009
1187467000
1187468005
1187470001
1187506008
1187643003
119187003
119404002
119414006
119566000
119604009
119605005
1197212001
1197277003
1197754004
11980001000004100
11994002
120078003
120079006
12012002
12013007
1201951007
1204415006
12053005
12071000119102
1208512000
1208513005
1208516002
1208775007
1208776008
1208777004
1208778009
1208779001
1208780003
1208781004
1208782006
1208783001
1208784007
1208794002
1208912009
1208913004
1209210000
1217182006
1217183001
1217184007
1217185008
1217189002
1217225001
1217253001
1217254007
1217256009
1217257000
1217261006
1217262004
1217263009
1217264003
1217268000
1217492006
1217529008
1222682001
1222683006
1222684000
1222685004
122494005
122495006
122496007
12266931000119108
12284002
122867002
1230409001
1230410006
123534001
123535000
1236751004
123798002
123860006
12413000
1243003
12446006
12454008
12462000
1251447008
1251469001
1251474009
1251499005
1251503004
1251504005
1251528007
1251639001
1251641000
1251643002
1251644008
1251645009
1251646005
1251647001
1251648006
1251649003
1253002
1255362003
1255471008
1256031003
125606003
125607007
125608002
125871005
125872003
1258954001
1258975009
1258987002
1258990008
1259038005
1259041001
1259043003
1259044009
1259045005
1259046006
1259047002
1259085004
1259089005
1259129005
1259132008
1259133003
1259134009
1259199002
1259568008
1259637001
1259645006
1259693000
1259721000
1259723002
1259731007
1259732000
1259773004
1259804001
1259823008
1259824002
1259825001
12599003
1260097007
1260134001
1260142000
1260203008
1263489009
1263490000
1263491001
1263492008
1263493003
1263494009
1263495005
1263496006
1263511000
1263597000
1263742008
1264388005
12644002
126552007
126553002
126554008
126555009
126556005
126557001
1268300007
1268463007
1268791000
1268792007
1269342002
1269343007
1269375005
1269376006
1269377002
1269378007
1269379004
1269380001
1269381002
1269382009
1269383004
1269385006
1269389000
1269390009
1269391008
1269392001
1269393006
1269459006
1269461002
1269520004
1269521000
1269527001
1269529003
1269530008
1269531007
1269532000
1269533005
1269534004
1269535003
1269536002
126962006
126963001
126964007
12757002
1279659000
1279707003
1279839002
1279840000
1279871009
1279872002
1279873007
1279874001
1279875000
1279876004
1279877008
1279885004
1279898008
1279899000
1279909006
1279915006
1279921005
128049000
128191000
128196005
128197001
128198006
128199003
12820001
12841007
1286833006
1286834000
1286980004
1286981000
1286982007
1286983002
1286984008
1286985009
1286986005
1286987001
1286988006
1286989003
1286993009
1286994003
1286995002
1286996001
1286997005
1286998000
1286999008
1287000006
1287001005
1287002003
1287004002
1287005001
1287006000
1287007009
1287008004
1287009007
1287010002
1287011003
1287012005
1287013000
1287014006
1287015007
1287016008
1287097003
1287258004
1287259007
1287315001
1287323004
1290155005
12903001
1290438001
1290439009
1290442003
1290607009
1290637000
1290638005
1290640000
1290644009
1290645005
1290646006
1290647002
1290648007
1290649004
1290650004
1290651000
1290652007
1290653002
1290654008
1290655009
1290656005
1290659003
1290660008
1290662000
1290663005
1290664004
1290674001
1290675000
1290676004
1290677008
1290678003
1290679006
1290680009
1290681008
1290938007
1290953004
129138001
129139009
129161004
129162006
129163001
129164007
129165008
129166009
129167000
129168005
129239000
129240003
129241004
129242006
129511000119105
1295272009
1295273004
1295522006
1295523001
1295524007
1295527000
12958003
129609000
1296492005
1296493000
1296494006
1296495007
1296529007
1296531003
1296533000
1296535007
1296546005
1296547001
1296552006
1296553001
1296559002
1296560007
1296562004
1296564003
1296567005
1296568000
1296590000
1296591001
1296592008
1296593003
1296594009
1296597002
1296628007
1296630009
1297159002
1297160007
12989004
1300087008
1300088003
1300162003
1300190004
1303280001
1303289000
1303290009
1303443009
1303682002
1303869008
1303912008
1303913003
1303914009
1303915005
1303916006
1303919004
1303934005
130731000119100
13131000
13194006
13211000119109
13236000
13255000
13271000119101
13291000119100
1331914003
1331917005
1332461009
1332462002
1332463007
13334000
1335731006
1335732004
1335733009
1335736001
1335752003
1335753008
1336115002
13386009
1339018001
1340247007
1340248002
1340297006
134197004
1343365008
1343366009
1343367000
1343368005
1343369002
1343370001
1343506007
1343507003
1343508008
1343510005
1343511009
1343512002
1343514001
1343601009
1343603007
1343604001
1343605000
134362007
1343715002
1344675009
1344676005
1345129006
1345131002
13456001
13463001
13469002
1351471002
1351498003
1351499006
1351832009
1351833004
1351834005
1351835006
1351839000
1351840003
1351841004
1351842006
1351895009
1351921008
1351922001
1352009
13534001
135491000119100
135511000119105
1356780002
1356826000
1356834006
1357717004
1357719001
1357720007
1359932005
1359964003
1359979005
1359987006
1360070001
1362050003
1362066001
1362067005
1362120008
1363177002
1363354007
1363608007
1366358004
1366420002
1366421003
1366422005
1366423000
1366532000
1366533005
1366542003
1367647005
1367654004
1367897006
13726009
14085007
141198008
141299008
14131005
141400004
14293000
14363008
14405000
14441000
14452006
14493003
14538007
146251000146109
14705001
14806007
14871000087107
14892003
15075002
15095008
1527006
15311007
15316002
1537001
15439007
15444000
15515004
15609005
1562001
15621009
15629451000119107
15724005
157761000
15843004
15849000
15972821000119108
15978511000119100
15978551000119104
15978591000119109
15978711000119106
15978831000119108
16026751000119100
16126006
16187000
161943005
162032002
16207161000119102
162119005
16219341000119105
162205004
162303008
162399000
162500005
1626008
162695001
162796009
162897006
162998002
16300007
163099000
163200004
16328021000119109
163301003
163402009
163503001
163603009
163704009
163805000
16383281000119103
16384831000119100
163906003
164007003
16410391000119107
164108006
164209009
16426601000119103
16426641000119101
16426681000119106
164310001
164411003
164512008
164613006
16466821000119102
164714007
164809001
164908005
16496009
164992000
165087005
165182001
165269004
165370001
165470000
16547731000119108
16554061000119109
165564008
16559741000119107
165664003
165758003
165857003
165956006
16631009
16650161000119108
16650301000119105
16695002
16733161000119105
16846261000119106
168571002
168572009
168575006
168576007
168577003
168578008
168579000
168580002
168584006
168585007
168586008
168587004
16864831000119104
16897007
16899741000119100
168999000
16903491000119107
16915901000119105
16967000
17051003
17094008
171727006
171728001
171735009
171745006
171749000
171754009
171756006
171757002
171770006
171777009
171778004
171784001
17214002
17279002
17300000
17324008
1734006
17388009
174076009
174169002
174268004
174363005
174452008
17448003
17454002
174544008
174829001
17484005
174925008
175023008
17526006
17537007
17549008
17550008
17686002
17761000119109
17771000119103
17847004
178517008
178518003
178520000
178523003
178524009
178526006
178530009
178531008
178532001
178533006
178534000
178536003
178538002
178544003
178546001
178550008
178551007
178553005
178554004
178555003
178568006
178570002
178571003
178572005
178573000
178575007
178583001
178584007
178586009
178587000
178590006
178591005
178593008
178594002
178600005
178601009
178606004
178609006
178610001
178612009
178615006
178618008
178619000
178620006
178623008
178624002
178625001
178626000
178631003
178632005
178633000
178634006
178637004
178638009
178639001
178647001
178654007
178655008
178668000
178669008
178674000
178675004
178676003
178677007
178682000
178684004
178685003
178686002
178688001
178689009
178690000
178691001
178692008
178694009
178695005
178696006
178697002
178701004
178702006
178703001
178704007
178705008
178708005
178709002
178710007
178711006
178715002
178716001
178717005
178718000
178719008
178722005
178723000
178724006
178725007
178726008
178733008
178734002
178736000
178737009
178738004
178739007
178741008
178742001
178743006
178744000
178745004
178749005
178752002
178753007
178754001
178755000
178761002
178771000
178772007
178773002
178774008
178776005
178777001
178778006
178779003
178780000
178787002
178789004
178793005
178794004
178795003
178796002
178797006
178798001
178799009
178805003
178806002
178831001
178833003
178834009
178835005
179631005
180959008
180960003
180961004
180962006
180965008
180966009
180967000
180968005
180969002
180970001
180971002
180972009
180973004
180974005
180975006
180976007
180977003
180978008
180979000
180980002
180981003
180982005
180983000
180984006
180985007
180986008
180987004
180988009
180989001
180990005
180991009
180992002
180993007
180994001
180995000
180996004
180997008
180998003
181097002
181329004
181330009
181331008
181376008
18149002
181745000
181750006
181752003
181817002
181821009
181846009
181847000
181848005
181849002
181850002
181853000
181856008
181857004
181858009
181859001
181860006
181861005
181862003
181863008
181864002
181865001
181866000
181867009
181868004
181870008
181871007
181872000
181873005
181874004
181875003
181876002
181877006
181878001
181879009
181880007
181881006
181882004
181883009
181884003
181886001
181891000
181892007
181894008
181895009
181896005
181897001
181898006
181899003
181900008
181901007
181902000
181903005
181904004
182022001
182023006
182028002
182359007
182360002
182361003
182362005
182363000
182364006
182365007
182366008
182367004
182368009
182370000
182371001
182372008
182373003
182374009
182375005
182376006
182377002
182378007
182379004
182380001
182381002
182382009
182383004
182961000119101
1830008
18347007
18447006
1870001
18722008
187916000
187917009
187918004
187956003
187957007
187989003
188317004
188318009
188319001
188462001
188925008
188926009
188927000
189015008
189016009
189017000
189024004
189167009
18960001000004105
18960007
19054000
19162006
19214009
192737006
192894009
192897002
192898007
192899004
192900009
192904000
192905004
192906003
192907007
192927008
192970008
192971007
193072006
193073001
193119005
193120004
19371000119107
19385004
19411004
19441000119107
19563009
19600001
19688005
19746008
19749001
197537000
19764001
197889000
198323007
19888007
20021007
20030004
200956002
20132009
201764007
202657000
202658005
202659002
202664003
202666001
202667005
202668000
202670009
202671008
202672001
202674000
202675004
202676003
202677007
202678002
202679005
202680008
202687006
202688001
202689009
202690000
202692008
202693003
202694009
202695005
202696006
202698007
202699004
202700003
202707000
202708005
202728009
202729001
202730006
202731005
202732003
202733008
202734002
202735001
202736000
202744000
202745004
202746003
202747007
202748002
202749005
202750005
202751009
202752002
202753007
202754001
202755000
202756004
202757008
202760001
202761002
202762009
202771000
202782008
202783003
202785005
202787002
202788007
202789004
202796002
202809009
202812007
202813002
202814008
202815009
202816005
202817001
202818006
202819003
202820009
202821008
202822001
202823006
202824000
202830000
202831001
20292002
2031008
203104007
203157008
203158003
203159006
203160001
203161002
203193005
203194004
203195003
203196002
203197006
203198001
203199009
203200007
203201006
203202004
203217000
203218005
203219002
203220008
203221007
203241002
203256006
203257002
203258007
203259004
203260009
203263006
203264000
203265004
203296008
203297004
203298009
203299001
203300009
203327008
203328003
203329006
203330001
203331002
203363008
203417003
203438009
203450003
203451004
203452006
203630007
203631006
203635002
203639008
203640005
203645000
203646004
203647008
203655001
203656000
203657009
203660002
203661003
203662005
203663000
203664006
203665007
203681002
203682009
203683004
203685006
203709007
203710002
203711003
203712005
203713000
203714006
203715007
20377001
203927003
203928008
203934001
203935000
203936004
20394004
203941007
203942000
203943005
203944004
203946002
203948001
203949009
203950009
203951008
203954000
203955004
203957007
203980004
203981000
203982007
203985009
203986005
203987001
203990007
203991006
203992004
203994003
203996001
203997005
203998000
204003007
204004001
204005000
204006004
204008003
204010001
204011002
204012009
204013004
204021005
204081007
204490005
205043005
205045003
20516002
20533009
205425003
205427006
205428001
205429009
205430004
205431000
205432007
205435009
205436005
205437001
205438006
205439003
205455005
205456006
20561003
20600008
206221000
206223002
206224008
20684002
2071003
20727002
207884008
207895002
207896001
207897005
207898000
207899008
207900003
207901004
207902006
207903001
207904007
207905008
207906009
207907000
207908005
207909002
207910007
207921003
207922005
207923000
207924006
207925007
207926008
207927004
207928009
207929001
207930006
207931005
207932003
207933008
207934002
207935001
207936000
207938004
207939007
207940009
207941008
207942001
207943006
207944000
207945004
207949005
207950005
207951009
207952002
207953007
207954001
207955000
207956004
207957008
207958003
207959006
207960001
207961002
207962009
207963004
207964005
207965006
207966007
207967003
207968008
207969000
207970004
207971000
207972007
207974008
207975009
207976005
207977001
207978006
207979003
207983003
207984009
207985005
208000003
208001004
208003001
208006009
208007000
208009002
208014003
208017005
208020002
208022005
208023000
208028009
208029001
208031005
208034002
208035001
208037009
208042001
208043006
208045004
208048002
208051009
208056004
208057008
208059006
208060001
208063004
208064005
208066007
208067003
208071000
208078006
20820007
208215006
20843003
209037002
209046008
209048009
209049001
209051002
209054005
209064001
209066004
209067008
209069006
209071006
209074003
209075002
209077005
209082003
209083008
209085001
209086000
209090003
209092006
209097000
209098005
209101009
209102002
209112009
209134006
209136008
209137004
209138009
209139001
209140004
209141000
209142007
209143002
209145009
209146005
209148006
209149003
209151004
209153001
209154007
209155008
209156009
209157000
209158005
209159002
209160007
209162004
209163009
209165002
209166001
209169008
209170009
209178002
209179005
209181007
209182000
209185003
209186002
209193003
209194009
209196006
209197002
209201002
209202009
209206007
209208008
20944008
209548004
209559008
209560003
209561004
209565008
209725006
209729000
209731009
20980008
209818005
21020004
21089001
211492005
21169000
21183003
21214007
212169004
212171004
212172006
212173001
212174007
212177000
212178005
212179002
212180004
212183002
212185009
212186005
212187001
212188006
212192004
212193009
212194003
212197005
212198000
212199008
212200006
212201005
212202003
212203008
212205001
212206000
212207009
212208004
212209007
212210002
212211003
212212005
212213000
212214006
212215007
212216008
212217004
212218009
212219001
212220007
212221006
212222004
212223009
212224003
212225002
212226001
212227005
212356007
212357003
212358008
212360005
21238006
21240001
212452005
212453000
212454006
212455007
2127000
213101009
213102002
213103007
213124002
213350006
213361003
213383004
21347000
21376002
21452006
2169001
21799000
21978005
2205003
22051008
22209005
22397003
22443004
22468002
22470006
22471000119100
22531000119104
22548006
225511007
22588001
22692003
22791004
22793001
229259000
229316007
229317003
229318008
229408004
229409007
229410002
229411003
229412005
229413000
229415007
229416008
229417004
229418009
229421006
229422004
22973003
229821002
230197009
230198004
230199007
230202002
230216007
230238009
230260007
230261006
230263009
230347003
230378004
230379007
2304001
2305000
230579006
230614002
230616000
230651008
230652001
230739000
230740003
230741004
230818001
230985007
230986008
230987004
230990005
230991009
230995000
230998003
230999006
231000005
231001009
231002002
231003007
231005000
231008003
231009006
231010001
231011002
231012009
231013004
231024002
231025001
231031003
231032005
231033000
231034006
231036008
231037004
231042007
231045009
231046005
231047001
231049003
231050003
231051004
231052006
231053001
231054007
231055008
231056009
231062004
231117000
231118005
231377004
231378009
231384007
231399007
231407002
231413006
231420004
231428006
231434004
23158008
23215003
233327007
233328002
233329005
23370003
233993008
234007007
23474006
235066005
23526008
23579003
23626002
236744002
23834006
23881007
239541009
239542002
239543007
239544001
239545000
239546004
239547008
239549006
239550006
239552003
239553008
239554002
239555001
239556000
239557009
239558004
239560002
239561003
239562005
239563000
239564006
239565007
239566008
239568009
239570000
239571001
239572008
23971000119101
239805001
239806000
239808004
239810002
239811003
239863005
239875000
239880009
240198002
240211000
240212007
240213002
240215009
240216005
240218006
240220009
240221008
240222001
240441001
240471009
241191001
241196006
241206007
241233006
2415007
241516003
241577003
241578008
241579000
241580002
241581003
241589001
241590005
241591009
241592002
241645008
241646009
241647000
241648005
241992009
24233003
24287009
243297001
243390001
24364003
2438005
24392008
243925008
243926009
243927000
243931006
244228006
244437008
244438003
244439006
244440008
244441007
244442000
244443005
244444004
244445003
244446002
244454000
244455004
244512000
244514004
244519009
244520003
244521004
244522006
244523001
244524007
244525008
244526009
244527000
244528005
244529002
244530007
244531006
244532004
244533009
244534003
244535002
244536001
244537005
244538000
244541009
244542002
244543007
244544001
244570000
244571001
244572008
244573003
244575005
244576006
244578007
244579004
244588008
244589000
244590009
244591008
244592001
244593006
244594000
244595004
244596003
244597007
244598002
244599005
244600008
244601007
244602000
244603005
244849004
244852007
244854008
244855009
244856005
244857001
244858006
244859003
244860008
244861007
244862000
244863005
244864004
244865003
244866002
244867006
244868001
244869009
244870005
244871009
244872002
244873007
244874001
244875000
24489005
245067004
245068009
245069001
245070000
245072008
245073003
245074009
245076006
245077002
245079004
245080001
245081002
245082009
245083004
245084005
245085006
245086007
245087003
245088008
245089000
245090009
245091008
24528003
2455009
24572000
245861004
245862006
245863001
245864007
245865008
245866009
245867000
245868005
245869002
245870001
245871002
245872009
245873004
245874005
245875006
245876007
245877003
245878008
245879000
245880002
245881003
245883000
245884006
245885007
245886008
245887004
245888009
245889001
245890005
245891009
245892002
245893007
245894001
245895000
245896004
245897008
245898003
245899006
245900001
245901002
245902009
245903004
245904005
245905006
245906007
245907003
245908008
245909000
245910005
245912002
245913007
245914001
245915000
245916004
245917008
245918003
245919006
245920000
245921001
245922008
245923003
245924009
245925005
245926006
245927002
245951007
245952000
245953005
245954004
245955003
245956002
245957006
245958001
245959009
245960004
245961000
245962007
245963002
245964008
245965009
245966005
245967001
245968006
245969003
245970002
245971003
245972005
245973000
245974006
245975007
245976008
245977004
245978009
245979001
245980003
245981004
245982006
245984007
245985008
245986009
245987000
245988005
245989002
245990006
245991005
245992003
245999007
246000009
246001008
246002001
246003006
246004000
246005004
246006003
246007007
246008002
246009005
246010000
246011001
246012008
246013003
246014009
246015005
246016006
246017002
246018007
246019004
246020005
246021009
246022002
246023007
246024001
246025000
24625009
246595001
246596000
246597009
246598004
246599007
246601009
246602002
246604001
24678008
247369005
247388003
24765004
24796008
249710008
249711007
249713005
249714004
249716002
249720003
249721004
249722006
249723001
24991000119103
249931001
25044007
25084003
25181008
25201000119104
252695002
253111001
253113003
253114009
253117002
253118007
253119004
253120005
253124001
253125000
253163008
253164002
253165001
253188000
253189008
253190004
253192007
25331007
25402007
254034001
254038003
254039006
254040008
254060000
254774003
254946004
254947008
254948003
254949006
254950006
254951005
254954002
255178004
25568006
25600005
25606004
25661006
25789004
25908000
25938006
26009003
26037005
260647003
260648008
260649000
26083004
261124005
261125006
261482004
261501006
261532007
261540001
261546007
2620004
262521009
262522002
262523007
262524001
262696004
262697008
262698003
262699006
262700007
262701006
262702004
262703009
262704003
262705002
262706001
262707005
262708000
262709008
262710003
262711004
262712006
262713001
262714007
262715008
262716009
262718005
262719002
262720008
262721007
262723005
262724004
262725003
262726002
262727006
262728001
262729009
262730004
262731000
262732007
262733002
262734008
262735009
262736005
262737001
262738006
262740001
262741002
262742009
262743004
262744005
262745006
262746007
262747003
262748008
262944000
262975009
262995003
263013004
263014005
263015006
263039001
263040004
263041000
263042007
263043002
263044008
263045009
263046005
263068000
263069008
263070009
263071008
263072001
263179007
263180005
263377004
263477003
263478008
263479000
26359000
264186006
264238006
264259004
265230009
265231008
265232001
265234000
26538006
26568002
265710006
265712003
265713008
265714002
265715001
265718004
265721002
265723004
265724005
265725006
265727003
265728008
265729000
265730005
26607000
26642001
2666009
26738009
267590006
267968002
267969005
267970006
267971005
267974002
267980005
267981009
267982002
268040001
268143001
268146009
26844002
26849007
269062008
269063003
269064009
269065005
269066006
269067002
269068007
269069004
269070003
269071004
269072006
269073001
269074007
269075008
269076009
269077000
269115004
269116003
269117007
269118002
269119005
269120004
269121000
269122007
269123002
269124008
269125009
269126005
269127001
269128006
269129003
269483007
26990006
26991005
27040004
270507001
270508006
27057000
27088001
271574003
272005
27256004
27269000
272708001
273995009
273996005
27403003
274137005
274146004
274152003
274156000
274157009
274158004
274162005
274460008
274486003
274767007
2748008
274994004
275093002
275249009
27537008
27539006
27540008
276827001
276829003
276850007
27690001
277301002
277326006
277339005
277362007
277422007
277423002
277762005
277764006
27802001
27830001
278325008
278326009
278327000
278328005
278329002
278330007
278331006
278332004
278333009
278334003
278335002
278336001
278337005
278338000
278339008
278340005
278341009
278342002
278343007
278344001
278345000
278346004
278347008
278348003
278349006
278350006
278351005
278352003
278353008
278354002
278355001
278356000
278357009
278538001
278539009
278540006
278541005
278659001
278720001
27873005
278748001
278749009
278750009
278751008
278752001
278754000
278755004
278756003
278757007
278758002
278759005
278760000
278761001
278762008
278763003
278764009
278766006
278767002
278768007
278769004
278770003
278771004
278772006
278773001
278774007
278775008
278776009
278777000
278778005
278779002
278780004
278781000
278782007
278783002
278784008
278911003
278912005
278913000
278914006
278915007
279029001
279030006
279031005
279063004
279291001
27937002
279435005
279436006
279437002
279441003
279442005
279443000
279444006
279445007
279446008
279447004
279526001
27982003
279993007
280000002
280001003
280002005
280003000
280393004
280394005
280395006
280396007
280397003
280398008
280399000
280400007
280401006
280403009
280404003
280405002
280406001
280407005
280408000
280409008
280458007
28062002
280718006
280719003
280720009
280721008
280724000
280725004
280726003
280727007
280728002
280729005
280730000
280731001
280733003
280734009
280735005
280736006
280737002
280738007
280739004
280740002
28074003
280741003
280742005
280743000
280744006
280745007
280746008
280747004
280748009
280749001
280750001
280751002
280752009
280753004
280754005
280755006
280756007
280757003
280758008
280759000
280760005
280761009
280762002
280763007
280764001
280765000
280766004
280767008
280768003
280769006
280770007
280771006
280772004
280773009
280774003
280775002
280776001
280777005
280778000
280779008
280780006
280781005
280782003
280783008
280784002
280785001
280786000
280787009
280788004
280789007
280790003
280791004
280792006
280793001
280794007
280795008
280796009
280797000
280798005
280799002
280800003
280801004
280802006
280803001
280804007
280805008
280806009
280807000
280808005
280809002
280810007
280811006
280812004
280813009
280814003
280815002
280817005
280818000
280819008
280821003
280822005
280823000
280825007
280826008
280827004
280828009
280833008
280834002
280835001
280837009
280838004
280839007
280840009
280841008
280842001
280843006
280844000
280845004
280846003
280847007
280848002
280849005
280850005
280851009
280852002
280853007
280854001
280855000
280856004
280857008
280858003
281190001
281191002
281192009
281193004
281194005
281195006
281196007
281197003
281198008
281199000
281200002
281201003
281202005
281203000
281204006
281205007
281206008
281208009
281209001
281210006
281211005
281212003
281214002
281215001
281217009
281218004
281219007
281220001
281221002
281224005
281225006
281226007
281228008
281295002
281372009
281373004
281375006
281376007
281377003
281459007
281598004
28172001
281788007
281796002
281840002
281841003
281868003
281869006
281870007
281871006
281872004
281873009
281874003
281875002
281876001
281877005
281878000
281879008
281880006
281881005
281883008
281884002
281885001
281886000
281887009
281888004
281889007
281890003
281891004
281892006
281893001
281894007
281895008
281896009
281907005
281908000
281909008
281910003
281911004
281912006
281913001
281914007
281915008
281916009
281917000
281918005
281919002
281920008
281921007
281922000
281923005
281924004
281925003
281926002
281927006
281928001
281929009
281930004
281931000
281932007
281933002
281934008
281935009
281936005
281937001
281938006
281940001
281941002
282021007
282191000
28232001
2824005
2826007
282785008
282786009
282787000
283165009
28369001
284088004
28419008
284394000
284405008
284406009
284407000
28490001000004108
28635006
28693002
287087003
28721000119108
287212005
287215007
287219001
287220007
287221006
287222004
287223009
287477006
287569005
28801006
288153008
28929008
289959001
291008000
29110001000004106
291109005
29120001000004103
291210009
291311006
29138002
291410006
291511007
291612007
291715000
291917003
29197009
292016007
292117000
292219008
292321001
29277007
29283005
292921000119109
292931000119107
292941000119103
292971000119105
29367007
29385000
294002
29419003
29432008
29574001
29580001000004102
29597003
29697005
297166009
297167000
297168005
297169002
297170001
29774004
298156003
298157007
298158002
298159005
298176009
298177000
298178005
298185009
298186005
298187001
298205001
298206000
298232006
298234007
298235008
298236009
298253002
298254008
298379008
298380006
298382003
298385001
298391004
298392006
298393001
298394007
298396009
298398005
298399002
298400009
298401008
298402001
298406003
298407007
298408002
298409005
298411001
298412008
298413003
298414009
298417002
298418007
298419004
298420005
298423007
298424001
298425000
298426004
298429006
298430001
298431002
298432009
298434005
298435006
298436007
298437003
298440003
298441004
298442006
298443001
298445008
298446009
298447000
298448005
298451003
298452005
298453000
298454006
298456008
298457004
298458009
298459001
298462003
298463008
298465001
298466000
298468004
298469007
298470008
298471007
298472000
298473005
298474004
298475003
298477006
298478001
298479009
298480007
298481006
298482004
298483009
298484003
298485002
298486001
298488000
298489008
298492007
298493002
298494008
298495009
298497001
298498006
298499003
298500007
298501006
298502004
298503009
298504003
298508000
298509008
298510003
298511004
298513001
298514007
298515008
298516009
298519002
298520008
298521007
298522000
298525003
298526002
298527006
298528001
298531000
298532007
298533002
298534008
298536005
298537001
298538006
298539003
298542009
298543004
298544005
298545006
298547003
298548008
298549000
298550000
298553003
298554009
298555005
298556006
298558007
298559004
298560009
298561008
298564000
298565004
298566003
298567007
298569005
298570006
298571005
298572003
298573008
298574002
298575001
298576000
298577009
298578004
298579007
298580005
298581009
298582002
298583007
298584001
298585000
298586004
298587008
298589006
298590002
298591003
298593000
298594006
298595007
298596008
298597004
298598009
298602006
298603001
298604007
298605008
298607000
298608005
298609002
298610007
298613009
298614003
298615002
298616001
298618000
298619008
298620002
298621003
298625007
298626008
298627004
298628009
298630006
298631005
298632003
298633008
298636000
298637009
298638004
298639007
298641008
298642001
298643006
298644000
298647007
298648002
298649005
298650005
298652002
298653007
298654001
298655000
298658003
298659006
298660001
298661002
298663004
298664005
298665006
298666007
298667003
298668008
298669000
298670004
298671000
298673002
298674008
298675009
298676005
298677001
298678006
298679003
298680000
298681001
298682008
298683003
298684009
298685005
298686006
298687002
298688007
298689004
298690008
298692000
298693005
298694004
298695003
298696002
298697006
298698001
298699009
298700005
298701009
298702002
298703007
298704001
298925005
298951000119104
29902008
29906006
29956001
299733008
299736000
299965004
299966003
299967007
30018002
30028006
30079000
301048006
301111000119103
301467000
301512771000119106
301991000119105
302011000119105
302031000119100
302041000119109
302051000119106
302121000119102
302127009
302130002
302131000119104
302311000119107
302321000119100
302331000119102
302332004
302341000119106
302381000119101
302391000119103
302481001
302482008
302483003
302516003
30266003
302661000119103
302681000119107
302701000119105
302711000119108
302811004
302935008
303099005
303536005
303537001
303538006
303539003
303541002
303542009
303544005
303545006
303643006
303644000
303778002
303895000
303896004
303910005
303912002
303914001
303920000
303921001
303948000
303949008
303951007
303952000
303956002
303957006
303958001
303959009
304301000119101
304311000119103
304342003
304343008
304344002
304345001
304346000
304347009
304348004
304349007
304350007
304351006
304352004
304353009
304574006
304916009
305121000119107
305161000119102
305171000119108
305172008
305191000119109
305273009
305373006
305475000
305576002
30567008
305677003
305779007
305880004
305961000119100
305982008
306084000
306183008
30620003
3062004
306283004
306384008
30643007
306485008
306551000119102
306561000119100
306587002
306688003
306787004
306821000119108
306880008
306979009
307067000
307099006
307137009
307138004
307161002
307211004
307243004
307261000119104
307327008
307419000
307516005
307523006
307524000
307600004
307682009
307720007
307721006
307773007
307870002
307970003
308025006
308060000
308145001
308156001
308245008
308332006
308422000
308513004
308591000119108
308611009
308634000
308702000
308756007
308757003
308758008
308794007
308874008
30923004
309702009
309729004
310081000119100
310154007
31018005
310246001
31033002
310421000119106
310431000119109
310441000119100
310471000119107
310481000119105
310491000119108
310501000119101
310511000119103
310521000119105
310551000119102
310561000119100
310571000119106
310642006
31071005
310727003
310919001
311191000119109
311211000119105
311231000119100
31144007
311479006
311482001
311488002
311490001
311491002
311721000119108
311731000119106
311804006
311806008
311814002
311815001
311848001
311862008
311864009
311890007
311891006
311931000119108
311941000119104
31235003
312351000119105
312381000119103
312517004
312660000
312661001
312662008
312764002
312765001
312766000
312767009
312786001
312788000
312789008
312790004
312791000
312792007
312793002
312794008
312795009
312796005
312797001
312798006
312799003
312800004
312802007
312803002
312804008
312805009
312806005
312807001
312808006
312809003
312811007
312812000
312821004
312837005
312839008
312843007
312982005
313074002
313171007
313230008
313231007
313269002
313298003
313304007
313345004
313471000119104
313481000119101
313491000119103
31367003
314156001
314195000
314197008
314198003
314221009
314222002
314224001
314225000
314226004
314236007
314334007
314351000119104
314361000119102
314391000119109
314401000119106
314425003
314474002
314475001
314476000
314477009
314519000
314573006
314611009
314631000119101
314641000119105
314667001
314668006
314709009
314713002
314714008
314715009
31481000119106
314885005
314950006
314961000119103
314977002
315177009
315271000119104
315371003
315472009
315573001
315673007
315681000119104
315774009
31580001000004106
315876002
315977005
316079000
316180000
316282002
31631001
316384003
31647004
316485003
316586000
316687003
316711000119106
316789005
31694007
31701002
317278007
317373001
317570004
317665004
317766009
318541000119102
318551000119100
318561000119103
318571000119109
318581000119107
31882001
319191000119108
3200003
320981000119109
320991000119107
321001000119108
321011000119106
321031000119101
321041000119105
321051000119107
321061000119109
321071000119103
321081000119100
321091000119102
321111000119105
321151000119106
321171000119102
32119002
321231000119105
321241000119101
321251000119104
321291000119109
321311000119108
321341000119107
3217005
321791000119100
322111000119104
322141000119100
322171000119107
322181000119105
32232003
322471000119102
322481000119104
322801000119105
322811000119108
322821000119101
322831000119103
322851000119109
322861000119106
322871000119100
32308008
32383001
32430008
32516000
32680009
32753008
3279003
32839000
32952009
329841000119103
329871000119105
329891000119106
330471000119101
33081004
33132004
33138000
33147008
33154002
33274003
33301009
33420007
33441000119100
33503006
33510000
33530001
33749000
33766003
33772003
33777009
33813008
338211000112100
33917005
34011000087104
34041000119108
3407002
34139004
3417007
3418002
34238000
34387001
34421001
34449008
3446000
3472009
34789001
34891001
34959001
35116004
35173000
35227009
35396008
35403005
35465000
35475002
35483008
35485001
35603000
35713003
3572006
35769007
35836001
3584008
359566002
359570005
359586003
35984006
360499006
360527003
360530005
36054005
360774009
360809005
360813003
360814009
360816006
360835006
360836007
360838008
360839000
360899003
360903005
360904004
360911000
360916005
361282000
361344005
36157000
361684008
361686005
361745008
361746009
361748005
361749002
361750002
361751003
361753000
361754006
361755007
361756008
361757004
361758009
361759001
361760006
361761005
361762003
361763008
361764002
361766000
361767009
361768004
361769007
361773005
361774004
36183005
361831006
361832004
362302001
362307007
36241000119108
362427009
362429007
362430002
362432005
362434006
362436008
362437004
362438009
362439001
362441000
362442007
362444008
362445009
362446005
362450003
362451004
362452006
36255003
36277004
362867001
362868006
362869003
362870002
362871003
362910006
362911005
36308006
363438000
363475005
363476006
363477002
36375005
36416001
36427004
36470004
36635006
366377008
366379006
366380009
366381008
366382001
366383006
366384000
366385004
366386003
366388002
366389005
366390001
366391002
366392009
366393004
366394005
366395006
366396007
366397003
366399000
366400007
366401006
366402004
366403009
366404003
366405002
366406001
366407005
366408000
366410003
366411004
366412006
366413001
366414007
366415008
366416009
366417000
366418005
366419002
366421007
366422000
366423005
366424004
366425003
366426002
366427006
366428001
366429009
366430004
366433002
366434008
366435009
366436005
366437001
366438006
366439003
366440001
366441002
366442009
366444005
366445006
366446007
366447003
366448008
366449000
366450000
366451001
366453003
366454009
366455005
36655007
367401004
367486006
367789003
367790007
367791006
367792004
367793009
367794003
367795002
367796001
367797005
367798000
367799008
367800007
367801006
367802004
367803009
367804003
367805002
367806001
367807005
367808000
367809008
367810003
367811004
367812006
367813001
367814007
367815008
367816009
367817000
367818005
367819002
367820008
367821007
367822000
367823005
367824004
367825003
367826002
367827006
367828001
367829009
367830004
367831000
367832007
367833002
367834008
367835009
367836005
367837001
367838006
367839003
367840001
367841002
367842009
367843004
367844005
367845006
367846007
367847003
367848008
367849000
367850000
367851001
367852008
367853003
367854009
367855005
367856006
367857002
367858007
367859004
367860009
367861008
367862001
367863006
367864000
367865004
367866003
367867007
367868002
367869005
367870006
367871005
367872003
367873008
367874002
367875001
367876000
367877009
367878004
367881009
367882002
367883007
369057006
369091005
369092003
36913000
369267008
369268003
369278000
369287009
36978003
370471003
370481004
370502006
370987005
371000119109
371029002
371076006
371082009
37120004
371561008
371562001
37181003
372018003
372019006
372028007
372109003
372167004
372209009
372210004
372211000
372215009
372220009
372477008
37267009
37363005
37414007
37554007
37562004
3761003
37735005
37960002
37979004
38115001
38253002
3828003
3838008
38524004
386688001
386690000
386691001
38690008
38728004
387731002
387737003
387738008
387800004
387801000
387802007
38781000087100
387820003
387821004
387823001
38827001
388321000119101
38992003
39058009
391075000
39134007
39150004
39382005
394451000119106
396171000119100
39680008
3968003
39759006
39786006
39796002
397961002
398041008
39873009
398997008
399010004
399096009
39912006
39916009
399334003
39956006
39976000
40047007
401226007
40130009
402338004
402339007
40265002
402897003
402898008
40330004
40343004
40349000
4046000
40475002
405298009
405561009
405562002
405753002
405754008
405755009
405756005
405757001
405758006
405759003
405760008
405761007
405764004
405765003
405771009
405772002
405773007
4061000119104
40695002
4072009
40854002
40908007
40914000
409771000119104
41022003
410730009
410731008
410732001
410733006
410734000
410735004
410736003
410737007
410738002
41099004
411311000119108
41133002
411571000119106
411611000119102
4117005
41219008
41259006
413001000119107
413100008
41321000119101
41333006
41341006
413428007
41362007
41370002
413841000119101
4139007
414048000
414458006
41455002
414564002
414667000
41586005
416124005
41618009
416210002
416344006
416489008
416513001
416542009
416546007
416822007
41683006
416842003
416903004
416929004
416967001
416981004
417056009
417068000
417082000
417090000
417098007
417171005
417184001
417234002
417235001
417262009
417315000
417414000
417459008
417484006
417614006
417646006
417663005
417685004
417725008
417731006
417737005
417744001
417925004
418202009
41860006
418828001
41933003
419431001
419457003
419683002
419722002
420202009
420345000
420367004
420396003
420452002
420465006
420607007
420658009
420669007
42083008
420853003
420888003
420957001
420983006
421060004
421126009
421315006
421344008
42157000
421596005
421690005
421740001
421911006
42199004
421995003
422089004
422125005
422829002
423064000
423210009
423361002
423430005
423651002
423686000
423935007
423957000
424149007
42421003
42424006
424334007
424400007
424463006
424477009
42452002
424549003
42475009
424761009
424774003
42487002
424941009
425000005
42502008
425469002
425594003
425687007
425720003
425756000
425794000
425809005
425871007
425878001
425894008
425991004
4260009
426055002
426132003
42621009
426243004
426266003
426268002
426386001
426452006
426470009
426498007
42651000087103
426510004
426599002
42661000087100
426632004
426646004
42671000087109
426710002
426773007
426792009
426805006
42681000087106
42691000087108
42701000087108
427027005
427054008
427091002
42711000087105
42721000087102
427216002
427279004
427301003
42731000087100
42741000087106
427424009
42743005
427457006
427500003
42751000087109
427518000
427525007
427571000
427574008
4276000
42761000087107
42762008
427628001
42771000087103
427727001
427752004
427787004
42781000087101
427887006
42791000087104
427916006
427923007
427939000
427967009
427984003
428001008
428132006
428144009
428204006
428205007
428218004
428259005
42839003
428460002
428499005
428547005
428605000
428627009
428654007
428671008
428778006
428799009
428857003
428914007
428924004
429182007
429183002
429298008
429306002
429350001
429377005
429385001
429388004
42942008
42943003
429437003
429466000
429515008
429550000
429555005
429558007
429615002
429617005
429665006
429691007
429727009
429741000
429769008
429859008
429860003
429868005
429871002
429875006
429928007
429930009
42995006
430021001
430135002
430399004
430404002
430419001
430420007
430421006
430438005
430443003
430444009
430445005
430446006
430451000
430452007
430454008
430507007
430686008
430829000
430886005
430904007
430948002
430962009
431025004
431049001
431198007
431206007
431250008
431298004
431328005
431338000
431451000124107
431471000
431496002
431497006
431520004
431533005
431547009
431552004
431555002
431557005
431612008
431613003
431623007
431668004
4317002
431741007
431762008
431763003
431780004
431782007
431837001
431871005
431892005
431900006
431911003
431928000
431947002
431985004
431995006
431996007
432037000
432078003
432152009
432230007
432241009
432244001
432249006
432372006
432374007
432400001
43243003
432637001
432651001
432662001
432671005
432731007
432770001
432823008
432850003
432898007
432901008
432903006
432933004
432934005
433034001
433109004
433140006
433141005
433212008
433217002
433220005
43351000087103
43371000087109
433722001
43381000087106
43401000087106
43405004
43411000087108
43421000087100
43431000087103
434371000124108
43511004
436385561000119106
438348005
438362003
438371007
438374004
438411002
438481007
438522001
438557003
438571006
438572004
438574003
438576001
438624007
438897009
438898004
439097002
439098007
439275009
439276005
43937007
439410009
439464007
439465008
439528008
439530005
439539006
439540008
439769001
439770000
43977004
439780001
439789000
439793006
439838008
439873005
439874004
439876002
439877006
439901007
439941003
440007001
440008006
440010008
440201005
440203008
440211003
440450002
440464002
440465001
440702002
44091000
441255001
441599009
441645006
441701001
441706006
441715004
441881007
441919004
44201000087105
442058009
442062003
44211000087107
442118009
442139002
442192009
442208009
44222009
442233007
442248001
44237008
442373004
442544003
44264009
44275008
44285009
442908000
442950000
442964000
442978004
44300000
443077003
443079000
443153007
44334004
443365001
443426000
44350007
443580006
443700006
44392002
44405009
44434003
444550009
444556003
444578005
444634007
444760002
444844007
444860006
4449003
44494000
444957003
445018004
445063003
445100000
445242006
445304491000119101
445307009
445308004
445332006
445423005
445429009
445438006
445505000
445734009
445779008
44587000
445894004
445897006
445946004
446067007
446134005
446176002
446177006
446342001
446448001
446495002
446644006
446795001
44682000
446835008
446926000
446940004
44701004
447012002
447067001
447173003
447174009
447223006
447376003
447464004
44755000
447575003
447699006
447730004
447833007
447900003
448024006
448025007
448029001
448070004
448205000
448206004
448207008
448232005
448234006
448240004
44826003
448314007
448377009
448424000
448432008
448433003
448513000
448514006
448515007
448584000
448613008
448641007
448686005
448751003
448776002
448788000
448808006
448816002
448818001
448870000
448877002
448918002
448942003
448943008
448944002
448946121000119109
449002000
449003005
449004004
449047004
449048009
449069006
449114005
449134006
449199004
449208008
449243009
449303002
449327000
449328005
449378007
449406009
449447007
449448002
44947003
44950000
449795002
44983007
44985000
449903008
449904002
449905001
449906000
450363003
450379002
450437007
450606001
450782005
450790005
450791009
450792002
450837004
451033009
451036001
45164006
45181002
45296009
45387006
45424003
45461007
45675006
45897005
461002
46138007
462029681000119103
46410005
46549005
46578006
46893003
46931002
46960006
46995009
47000000
47049007
47211004
472979002
472980004
473007007
473217009
47329006
473429002
473435002
473436001
473438000
47369007
47394008
4743003
47478002
47518006
47576001
47886009
48021002
48210000
48259001
48405002
48456006
48461008
48522003
48623003
48879003
48926009
48928005
48941009
48956000
48960002
48987003
49090002
49117002
49126004
49129006
49178001
49332003
493721211000119100
49400002
49497005
4957007
495741000119105
496002
49668003
49747005
49815007
49825002
49834007
49891002
49901009
49959002
49967005
50038009
50059002
50060007
50087006
50172003
50187008
50200003
50310005
50448004
50776006
50800009
50860006
51015002
51258005
51282000
51309008
51514006
51782004
51906006
51914000
5192008
52120002
5217008
52216009
52225003
52396005
52415006
52428004
52460007
5261000
52858001
5329002
53299008
53318002
53332000
53335003
53406005
53437005
53596000
53608003
53664003
53733008
53766007
53779003
53810004
53844006
53868003
53976000
53983007
5403001
540871000124103
54092001
540941000124101
54219001
54277008
54303005
54317001
54404000
54460006
5446003
54536005
54580005
54611006
54735007
54785003
54827001
54834004
54837006
54947005
55173005
55234004
55293007
55361002
55492004
55524007
55606002
55610004
556301811000119107
55637002
55678000
55705006
5601008
56094003
5611001
56323009
56401006
565008
56994000
5709001
571891000119109
572061000119104
572081000119108
572091000119106
57293008
57342002
57374009
57481001
57571002
57651003
57665001
57767002
57876000
58110004
58211000087104
5822000
58260002
58384008
5842009
5847003
58490006
58557008
58766009
588111000119108
58820006
5923009
59323008
59463005
59703009
59752008
59942001
6004007
60051002
60079008
60146005
60172001
60274006
60443006
60576007
60659001
608829007
608830002
608831003
608832005
609206002
609246008
60935008
60937000
61032001
61038002
61041006
6105006
61134003
61206002
61278000
61296009
61367005
61407009
61506003
61559001
61633005
61634004
61659008
616839841000119101
61819007
61853006
61960001
62217003
62409009
62487009
62551000
62555009
62620001
62706003
62947009
62950007
63081009
63164002
63417009
63627007
63660005
63784007
63790006
6385000
63903007
63916007
6392005
63956009
6404004
64124008
64217002
64306000
64405002
64688005
64691005
64728002
64746008
64782003
64787009
64864005
650002
65040004
65144005
65253007
65468005
65496004
65573001
65605001
65725008
65845008
65985001
66005005
66020004
66137009
66158003
66188007
66237001
66794005
66828007
67094005
6711001
67177005
67186000
67224007
67243007
673111000119103
673141000119104
673581000119104
673941000119102
67437007
674481000119100
67459009
67479001
67531005
67779000
6778001
67898007
67975003
68179006
6828005
683131000119100
68330008
68359008
683981000119101
68418001
68504005
68547005
68577004
68675004
687421000119101
68818006
68823006
68847004
68859000
68896009
68899002
69009003
69195002
69276004
69423007
69593000
69677001
69697006
69722003
69733000
6976007
69789009
697975004
698077007
698240009
698499006
698500002
69856001
698783004
698836007
699242009
699302001
699328003
699332009
699456009
69950008
699502000
699698002
699699005
699797003
69988005
699943005
699980004
700212000
700319007
700320001
700321002
701003
7012008
70218004
702327009
702381007
702485004
702486003
702487007
702488002
702513003
702514009
702515005
702516006
702521009
702522002
702523007
702524001
702607002
702608007
702671002
702672009
70350007
703543005
703861005
703862003
70424007
705041003
705042005
705043000
705098005
705099002
705100005
705101009
705102002
70534000
70576008
70642007
70658005
70692008
707090004
707279002
707838007
707839004
707840002
707841003
70840002
708604004
708651002
708690003
709205004
709217002
709289008
709292007
709405002
709406001
709408000
709504001
709527009
709567005
709624009
709652000
709653005
709698004
709772004
71005007
710201007
711104001
711158005
71118002
711184004
711185003
711186002
711187006
711217008
711224009
711271003
711312000
711313005
711430006
711485005
711523002
711549007
711551006
712524006
712547007
712548002
712549005
712580000
712581001
712727001
712813004
712855008
712856009
71286001
712861006
712970008
713016000
71311003
713206003
713320007
713341001
713425003
713482002
713503007
713637007
713669003
713688005
713709009
713711000
713716005
713741003
713777005
713826008
713837009
713911007
714030004
714150002
714279000
714289001
714290005
7148007
71484001
715056000
715057009
715247002
715290001
715369006
715415005
715458009
715462003
715465001
715491000
715575001
715689004
715726000
715748006
715751004
715752006
715753001
715754007
715755008
715776003
715824008
715825009
715826005
71592008
715991005
716108004
71621001
716232002
716724006
716830000
71704004
71710004
71713002
7173007
717349000
71737002
717695002
717827000
717912001
717999006
718000000
718184009
718186006
718187002
718211004
718395009
718542005
718545007
718769009
718770005
718771009
718772002
718774001
718919007
719097002
719103009
719162001
719197004
719207000
719208005
719209002
719210007
719217005
719249005
719250005
719251009
719252002
719253007
719254001
719255000
719268008
719300001
719301002
719302009
719378009
719466009
719816006
719817002
719818007
71983004
71996003
720363008
720457000
720492008
720609003
720635002
720750004
720859009
721244002
721245001
721246000
721247009
721248004
721249007
721250007
721252004
721253009
721273004
721342001
721343006
721344000
721345004
721346003
721347007
721348002
721349005
721350005
721351009
721352002
721353007
721354001
721355000
721356004
721357008
721358003
721359006
721360001
721361002
721362009
721363004
721364005
721365006
721366007
721367003
721368008
721369000
721370004
721371000
721372007
721373002
721374008
721375009
721376005
721377001
721378006
721379003
721380000
721381001
721382008
721383003
721384009
721385005
721386006
721387002
721388007
721389004
721390008
721391007
721392000
721393005
721394004
721395003
721396002
721397006
721398001
721399009
721400002
721401003
721402005
721403000
721404006
721405007
721406008
721415001
721416000
721417009
721418004
721419007
721420001
721421002
721422009
721423004
721424005
721425006
721426007
721428008
721429000
721430005
721431009
721432002
721433007
721434001
721435000
721436004
721437008
721438003
721439006
721440008
721441007
721442000
721443005
721444004
721445003
721446002
721447006
721448001
721449009
721450009
721451008
721452001
721453006
721454000
721455004
721456003
721457007
721458002
721459005
721460000
72146002
721461001
721462008
721463003
721464009
721465005
721466006
721467002
721468007
721469004
721470003
721471004
721472006
721473001
721474007
721475008
721476009
721477000
721478005
721479002
721480004
721481000
721482007
721483002
721484008
721485009
721486005
721487001
721488006
721489003
721490007
721491006
721492004
721493009
721494003
721495002
721496001
721497005
721498000
721499008
721500004
721501000
721502007
721503002
721504008
721505009
721506005
721507001
721508006
721509003
721510008
721511007
721512000
721513005
721514004
721515003
721516002
721517006
721518001
721519009
721520003
721521004
721522006
721523001
721524007
721525008
721526009
721527000
721528005
721529002
722199001
722493007
722598000
722641001
722653002
722654008
72268001
722900008
722901007
722984002
722985001
722986000
722995008
723116002
723129002
723144001
723145000
723610009
723622007
723646000
723819007
723820001
723821002
723822009
723823004
723824005
723825006
723826007
723996002
723997006
724064004
724227000
724562009
724583003
724584009
724604003
724605002
724607005
724616009
724775006
724792002
724793007
724892008
724901008
725001004
725012004
72513001
725139005
725411000
725595006
72575001
725822006
725933005
725980002
725985007
726064001
726083008
726546000
726548004
726606003
726607007
726608002
726609005
726610000
726611001
726621009
726622002
726894006
726896008
726907009
726910002
726911003
72692000
726950004
726957001
726976004
727015001
727022009
727050009
727094003
727096001
727112001
727149007
727162006
727189001
727197008
727201008
727247000
727292007
727311003
727356005
727393004
72741000
727410003
727416009
727522003
727523008
727524002
727525001
727526000
727527009
727528004
727529007
727530002
727531003
727532005
727533000
727534006
727535007
727536008
727537004
727538009
727539001
727540004
727541000
727542007
727543002
727544008
727545009
727546005
727547001
727548006
727549003
727550003
727551004
727612002
727654004
727655003
727656002
727681004
727682006
727683001
727684007
727685008
727756007
727757003
727758008
727759000
727760005
727761009
727762002
727763007
727764001
727765000
727766004
727767008
727768003
727769006
727770007
727771006
727772004
727773009
727913005
727977002
727978007
727979004
727980001
727981002
727982009
727983004
728023001
728024007
728041009
728042002
728043007
728082009
728106008
728107004
728108009
728109001
728111005
728112003
728113008
728115001
728116000
728118004
728119007
728120001
728121002
728122009
728123004
728124005
728125006
728126007
728127003
728128008
728129000
728130005
728458009
728459001
728460006
728461005
728462003
728463008
728464002
728465001
728466000
728467009
728468004
728469007
728483009
728484003
728485002
728486001
728487005
728505002
728506001
72871002
728742007
72879000
728821000
728822007
728823002
728824008
728825009
728826005
728827001
728828006
728829003
728830008
728831007
728832000
728833005
728834004
728835003
728836002
728837006
728838001
728839009
728840006
728841005
728842003
728843008
728844002
728845001
728846000
728847009
728848004
728849007
728850007
728968006
728969003
728970002
728971003
729193004
729197003
729198008
729199000
729200002
729377003
729378008
729379000
729380002
729381003
729382005
729383000
729384006
729385007
729496003
729497007
729498002
729500001
729501002
729502009
729550008
729551007
729552000
729553005
729554004
729568006
729693003
729694009
729697002
729698007
729699004
729700003
72986009
72992003
729997004
729998009
730002004
730018005
730036005
730037001
730038006
730100009
730101008
730102001
730103006
730118007
730119004
730235003
73025004
730258000
730260003
730261004
730263001
730274005
730275006
730276007
730277003
730290005
730292002
730293007
730679008
730681005
730695008
730703004
730707003
73071006
730711009
730720000
730746001
730748000
730755003
730758001
730763002
730857001
730875000
730876004
730877008
730878003
730879006
730880009
730881008
730882001
730883006
730884000
730885004
730886003
730887007
730888002
730889005
730890001
730891002
730892009
730893004
730894005
730895006
730896007
730897003
730898008
730899000
730900005
730901009
730902002
730903007
730904001
730905000
730906004
730907008
730908003
730909006
730910001
730911002
730912009
730913004
730914005
730915006
730916007
730917003
730918008
730919000
730920006
730921005
730922003
730923008
730924002
730925001
730926000
730927009
730928004
730929007
730930002
730931003
730932005
730933000
730934006
730935007
730936008
730937004
730982000
730983005
730984004
730985003
730986002
730987006
730988001
730989009
730990000
730991001
730992008
730993003
730994009
730995005
730996006
730997002
730998007
730999004
731000000
731001001
731002008
731003003
731004009
731005005
731006006
731007002
731008007
731009004
731010009
731043008
731052004
731099006
731179003
731295007
731296008
731297004
731299001
731300009
731302001
731304000
731306003
731307007
731309005
731312008
731313003
731380007
73138009
731383009
731391000
731447001
731518006
731519003
731520009
731521008
731522001
731562002
731633009
731648003
731650006
731652003
731654002
731655001
731656000
731657009
731658004
731662005
731668009
731669001
731670000
731673003
731676006
731680001
731682009
731683004
731684005
731685006
731689000
731691008
731692001
731695004
731700006
731702003
731704002
731711003
731713000
731715007
731721006
731722004
731753002
731754008
731755009
731756005
731757001
731772002
731773007
731774001
731775000
731776004
731778003
731788002
731839005
731873000
731921002
732020001
732048001
732171002
732926009
732927000
732932004
732933009
732948003
732949006
732958004
733029008
733033001
733089005
733118006
733196009
733197000
73331006
733455003
73400003
734020000
734021001
734402003
734403008
73507002
735560004
735561000
735604001
735605000
735606004
735607008
735608003
735609006
735610001
735611002
735743006
735749005
73589001
73619004
73671007
736746005
736747001
736830008
736831007
737084004
737215002
737216001
737227004
737233008
737234002
737236000
737237009
737238004
737239007
737260001
737263004
737530005
737561001
737563003
73769004
73881009
73903008
73920007
73959003
739665005
739666006
74063004
74177004
74297002
74366003
74401007
745584031000119107
746002
74772000
74877002
74931007
75002003
75033001
75095006
75172004
75207001
75346002
75435004
75467001
75559006
75586006
75743008
7576008
7591005
7603007
76031008
76079001
7610001
76107001
76130007
76137005
76154002
762008
76206002
762299008
762305005
763068005
763069002
763070001
763367009
763369007
763370008
763373005
763374004
763375003
763376002
763377006
7634006
763402002
763403007
7635007
763743003
763869003
763889002
76394009
764271000
764272007
764273002
76435008
764542000
764550009
764686003
764688002
764734003
764736001
764927007
765045003
765091006
765753004
76614000
766767001
766775007
767262002
767817009
767818004
76807004
768939009
76916001
76970004
770094004
770408001
770675008
770676009
770683002
770720005
770724001
771103009
771104003
771105002
771106001
771107005
771108000
771109008
771110003
771111004
771112006
771128001
771129009
771131000
771132007
771133002
771134008
771135009
771136005
771137001
771138006
771139003
771140001
771146007
771185000
7712004
771308008
771469002
77208007
772218003
772220000
772222008
77224008
77238001
77268005
772803009
772824004
772825003
772829009
772830004
772831000
772832007
772833002
773133007
773211003
773279006
773425000
773588003
773688007
773773006
774150004
77435000
77460000
77547008
7756004
77567004
77636006
778011005
778030005
778048001
77808004
77841000119108
78044008
78085003
781206002
78138006
78141002
78211006
78217005
782388003
782390002
782391003
78260001
782670003
782719004
782721009
782725000
782726004
782727008
782746009
782747000
783060009
783094006
783198006
78329004
783622001
783697000
783698005
783724009
783764008
78394002
78396000
78428006
785285005
785286006
785301002
785302009
785304005
785305006
785716931000119106
786077003
786849008
786964009
786965005
786966006
786988006
786989003
786990007
786991006
78783004
78784005
788325009
789021004
789657008
789674008
78972004
78985001
79125007
79223005
79244005
79335006
79346009
79390004
79397001
79421005
79591004
79665007
79677002
79741000119108
79771000119101
79785004
79923004
79931009
79961001
80064006
80076006
80151008
80712009
80726000
8091003
80980003
81042008
81099000
81137002
81168003
81204008
81390007
813925041000119103
81413007
81420000
81482006
81544000
81574008
81634008
8165001
81720004
81752004
817963002
81842007
81872001
81949002
82058009
82137000
82199000
82208009
82258002
82287001
823005
82304009
82310009
82419009
82473003
82493006
82631003
82668000
82687006
82716001
82756004
8281000119109
82965004
830004
830015009
8301004
830124002
830125001
830126000
830196006
830198007
83023002
83083000
83193005
83212006
83232007
833285007
833295000
834127761000119108
83471008
83524000
83561009
83635002
8370004
83716008
838315004
838384006
838387004
838388009
838389001
838390005
838391009
8387002
83942000
83948001
83982007
83991006
84020006
840279003
840361000
840447009
840454003
840476007
840483000
840487004
840511005
840678003
840721004
84138006
84172003
84248002
84253007
843004
84462006
84473004
84522009
8454000
84585009
8459005
84667006
84790009
84857004
85141005
85178008
85216006
8523001
85262003
8528005
85449000
8551000119100
855760291000119105
85611000119105
85713002
85732008
85847007
85926009
85989000
86048008
860614004
860805006
860817008
860841006
860842004
860843009
860844003
860845002
860846001
860847005
860849008
860850008
860951008
860971004
86130001
86197001
86297008
86345004
86428008
86580001
866022001
866045007
866055006
866056007
866057003
866058008
866059000
866060005
866061009
866062002
866063007
866064001
866065000
866066004
866067008
866081005
866087009
866090003
866105000
866108003
866121005
866123008
866124002
866125001
866126000
866127009
866128004
866129007
866130002
866131003
866132005
866217008
866219006
866231008
866251007
8663007
86666004
86804002
86814006
868279006
8695008
87021000119103
870244009
870245005
870281008
870283006
870290001
870291002
870293004
870294005
870337002
870339004
870340002
870341003
870342005
870343000
870345007
870364001
870564000
87077004
87082006
87141000119108
87141009
87160002
87187003
87201007
87294007
87381000119101
87391001
87482001
87519004
8758001
87823004
87900003
879818005
88105006
88148000
88182006
8820007
88298007
88340001
88388003
88390002
8840000
88449001
8847002
8850004
88588002
88599000
8863005
88743001
88769007
88806005
88826009
88966009
890237005
890422008
89130002
89172001
89340005
89355001
8939001
894125007
89497006
895111002
896886007
896899005
896993007
896994001
897031002
897410008
897560004
89827006
8983005
89831000
89836005
89902003
90211001
90411004
90417000
90448008
9047006
90523008
90556009
90584004
90631008
90681004
90791004
91116008
91129008
91240008
91333005
91502009
91600005
91877005
91878000
91879008
91880006
9188009
91893001
91894007
91895008
91906001
91907005
91915008
91916009
91917000
91952008
91953003
91954009
91955005
91956006
92047003
92055005
92064000
92079007
92194008
9229006
92332003
92405007
92406008
92407004
92489003
92490007
92491006
92492004
92494003
92496001
92497005
92500004
926307003
92806000
92836009
92837000
92838005
92839002
92844009
92845005
92846006
92847002
92849004
92850004
92851000
92852007
92890001
92891002
92892009
92893004
92900005
92901009
92902002
92903007
92998007
92999004
93010007
93023000
93027004
93167001
93239001
93240004
93241000
93242007
93307005
93308000
93309008
93310003
93315008
93333002
93350000
93360009
93372003
93373008
93374002
93375001
93379007
93380005
93382002
93383007
93437002
93438007
93439004
93440002
93441003
93442005
93443000
93444006
93557001
93564004
93565003
93566002
93567006
93573007
93574001
93575000
93576004
935866501000119101
93619007
93620001
93621002
93622009
93629000
93630005
93631009
93632002
93743001
93751003
93760006
938000861000119106
93878007
93996004
94068003
94069006
94242004
94250008
94259009
94274006
94389000
94527001
94600009
94601008
94602001
94782007
94791006
94800007
94814007
94918009
95036002
95108005
95109002
95110007
95245006
9525001
95282002
95283007
95284001
95285000
95289006
95290002
95291003
95292005
95293000
95298009
95300009
95302001
95304000
95410001
95478002
95671001
95956003
95957007
95958002
95959005
95960000
95961001
95962008
95963003
95964009
95965005
9631008
9693008
9841008
98541000119101
9966008
9971000119105
9994000
